# Electronic stopping power in target NiFeCr for LAMMPS fix electron/stopping
#                             Ni                 Fe                 Cr
#         eV               eV/Ang             eV/Ang             eV/Ang
        9.99999000         0.20240000         0.34190000         0.40020000 
       10.99990000         0.21230000         0.35860000         0.41980000 
       11.99990000         0.22170000         0.37450000         0.43840000 
       12.99990000         0.23080000         0.38980000         0.45640000 
       13.99990000         0.23950000         0.40450000         0.47360000 
       14.99990000         0.24790000         0.41870000         0.49020000 
       15.99990000         0.25600000         0.43240000         0.50630000 
       16.99990000         0.26390000         0.44570000         0.52190000 
       17.99990000         0.27160000         0.45870000         0.53700000 
       19.99990000         0.28630000         0.48350000         0.56600000 
       22.49990000         0.30360000         0.51280000         0.60040000 
       24.99990000         0.32010000         0.54050000         0.63280000 
       27.49990000         0.33570000         0.56690000         0.66370000 
       29.99990000         0.35060000         0.59210000         0.69320000 
       32.49990000         0.36490000         0.61630000         0.72160000 
       34.99990000         0.37870000         0.63960000         0.74880000 
       37.49990000         0.39200000         0.66200000         0.77510000 
       39.99990000         0.40480000         0.68370000         0.80050000 
       44.99990000         0.42940000         0.72520000         0.84910000 
       49.99990000         0.45260000         0.76440000         0.89500000 
       54.99990000         0.47470000         0.80180000         0.93870000 
       59.99990000         0.49580000         0.83740000         0.98040000 
       64.99990000         0.51610000         0.87160000         1.02000000 
       69.99990000         0.53560000         0.90450000         1.05900000 
       79.99990000         0.57250000         0.96700000         1.13200000 
       89.99990000         0.60730000         1.02600000         1.20100000 
       99.99990000         0.64010000         1.08100000         1.26600000 
      110.00000000         0.67140000         1.13400000         1.32700000 
      120.00000000         0.70120000         1.18400000         1.38600000 
      130.00000000         0.72980000         1.23300000         1.44300000 
      139.99900000         0.75740000         1.27900000         1.49800000 
      149.99900000         0.78400000         1.32400000         1.55000000 
      159.99900000         0.80970000         1.36700000         1.60100000 
      169.99900000         0.83460000         1.41000000         1.65000000 
      179.99900000         0.85880000         1.45000000         1.69800000 
      199.99900000         0.90530000         1.52900000         1.79000000 
      224.99900000         0.96020000         1.62200000         1.89900000 
      249.99900000         1.01200000         1.70900000         2.00100000 
      274.99900000         1.06200000         1.79300000         2.09900000 
      299.99900000         1.10900000         1.87200000         2.19200000 
      324.99900000         1.15400000         1.94900000         2.28200000 
      349.99900000         1.19800000         2.02300000         2.36800000 
      374.99900000         1.24000000         2.09400000         2.45100000 
      399.99900000         1.28000000         2.16200000         2.53100000 
      449.99900000         1.35800000         2.29300000         2.68500000 
      499.99900000         1.43100000         2.41700000         2.83000000 
      549.99900000         1.50100000         2.53500000         2.96800000 
      599.99900000         1.56800000         2.64800000         3.10000000 
      649.99900000         1.63200000         2.75600000         3.22700000 
      699.99900000         1.69400000         2.86000000         3.34900000 
      799.99900000         1.81100000         3.05800000         3.58000000 
      899.99900000         1.92000000         3.24300000         3.79700000 
      999.99900000         2.02400000         3.41900000         4.00200000 
     1100.00000000         2.12300000         3.58600000         4.19800000 
     1200.00000000         2.21700000         3.74500000         4.38400000 
     1300.00000000         2.30800000         3.89800000         4.56400000 
     1400.00000000         2.39500000         4.04500000         4.73600000 
     1500.00000000         2.47900000         4.18700000         4.90200000 
     1600.00000000         2.56000000         4.32400000         5.06300000 
     1700.00000000         2.63900000         4.45700000         5.21900000 
     1800.00000000         2.71600000         4.58700000         5.37000000 
     2000.00000000         2.86300000         4.83500000         5.66000000 
     2250.00000000         3.03600000         5.12800000         6.00400000 
     2500.00000000         3.20100000         5.40500000         6.32800000 
     2750.00000000         3.35700000         5.66900000         6.63700000 
     3000.00000000         3.50600000         5.92100000         6.93200000 
     3250.00000000         3.64900000         6.16300000         7.21600000 
     3500.00000000         3.78700000         6.39600000         7.48800000 
     3750.00000000         3.92000000         6.62000000         7.75100000 
     4000.00000000         4.04800000         6.83700000         8.00500000 
     4500.00000000         4.29400000         7.25200000         8.49100000 
     5000.00000000         4.52600000         7.64400000         8.95000000 
     5500.00000000         4.74700000         8.01800000         9.38700000 
     6000.00000000         4.95800000         8.37400000         9.80400000 
     6500.00000000         5.16100000         8.71600000        10.20000000 
     7000.00000000         5.35600000         9.04500000        10.59000000 
     8000.00000000         5.72500000         9.67000000        11.32000000 
     9000.00000000         6.07300000        10.26000000        12.01000000 
    10000.00000000         6.40100000        10.81000000        12.66000000 
    11000.00000000         6.71400000        11.34000000        13.27000000 
    12000.00000000         7.01200000        11.84000000        13.86000000 
    13000.00000000         7.29800000        12.33000000        14.43000000 
    14000.00000000         7.57400000        12.79000000        14.98000000 
    15000.00000000         7.84000000        13.24000000        15.50000000 
    16000.00000000         8.09700000        13.67000000        16.01000000 
    17000.00000000         8.34600000        14.10000000        16.50000000 
    18000.00000000         8.58800000        14.50000000        16.98000000 
    20000.00000000         9.05300000        15.29000000        17.90000000 
    22500.00000000         9.60200000        16.22000000        18.99000000 
    25000.00000000        10.12000000        17.09000000        20.01000000 
    27500.00000000        10.62000000        17.93000000        20.99000000 
    30000.00000000        11.09000000        18.72000000        21.92000000 
    32500.00000000        11.54000000        19.49000000        22.82000000 
    35000.00000000        11.98000000        20.23000000        23.68000000 
    37500.00000000        12.40000000        20.94000000        24.51000000 
    40000.00000000        12.80000000        21.62000000        25.31000000 
    45000.00000000        13.58000000        22.93000000        26.85000000 
    50000.00000000        14.31000000        24.17000000        28.30000000 
    55000.00000000        15.01000000        25.35000000        29.68000000 
    60000.00000000        15.68000000        26.48000000        31.00000000 
    65000.00000000        16.32000000        27.56000000        32.27000000 
    70000.00000000        16.94000000        28.60000000        33.49000000 
    80000.00000000        18.11000000        30.58000000        35.80000000 
    90000.00000000        19.20000000        32.43000000        37.97000000 
   100000.00000000        20.24000000        34.19000000        40.02000000 
   110000.00000000        21.23000000        35.86000000        41.01000000 
   120000.00000000        24.72000000        39.00000000        41.83000000 
   130000.00000000        29.86000000        41.58000000        42.98000000 
   140000.00000000        33.03000000        43.45000000        44.36000000 
   150000.00000000        34.94000000        44.86000000        45.97000000 
   160000.00000000        36.07000000        46.04000000        47.84000000 
   170000.00000000        36.80000000        47.19000000        49.97000000 
   180000.00000000        37.35000000        48.39000000        52.29000000 
   200000.00000000        38.40000000        50.97000000        57.15000000 
   225000.00000000        39.85000000        54.23000000        63.09000000 
   250000.00000000        41.58000000        57.35000000        68.59000000 
   275000.00000000        43.67000000        60.35000000        73.62000000 
   300000.00000000        46.16000000        63.29000000        78.22000000 
   325000.00000000        49.03000000        66.22000000        82.47000000 
   350000.00000000        52.23000000        69.16000000        86.40000000 
   375000.00000000        55.69000000        72.12000000        90.09000000 
   400000.00000000        59.34000000        75.10000000        93.56000000 
   450000.00000000        66.97000000        81.12000000       100.00000000 
   500000.00000000        74.71000000        87.19000000       106.10000000 
   550000.00000000        82.30000000        93.27000000       111.80000000 
   600000.00000000        89.56000000        99.33000000       117.40000000 
   650000.00000000        96.38000000       105.40000000       122.90000000 
   700000.00000000       102.70000000       111.30000000       128.40000000 
   800000.00000000       113.90000000       123.00000000       139.40000000 
   900000.00000000       123.20000000       134.40000000       150.60000000 
  1000000.00000000       130.90000000       145.60000000       162.00000000 
  1100000.00000000       137.20000000       156.40000000       173.60000000 
  1200000.00000000       142.30000000       167.00000000       185.40000000 
  1300000.00000000       146.60000000       177.30000000       197.30000000 
  1400000.00000000       150.20000000       187.50000000       209.40000000 
  1500000.00000000       153.30000000       197.40000000       221.50000000 
  1600000.00000000       156.00000000       207.20000000       233.60000000 
  1700000.00000000       158.50000000       216.80000000       245.70000000 
  1800000.00000000       160.90000000       226.30000000       257.70000000 
  2000000.00000000       165.50000000       244.90000000       281.60000000 
  2250000.00000000       171.70000000       267.60000000       311.00000000 
  2500000.00000000       178.90000000       289.70000000       339.60000000 
  2750000.00000000       187.30000000       311.60000000       367.40000000 
  3000000.00000000       197.20000000       333.10000000       394.30000000 
  3250000.00000000       208.40000000       354.30000000       420.40000000 
  3500000.00000000       221.00000000       375.30000000       445.50000000 
  3750000.00000000       234.90000000       396.00000000       469.80000000 
  4000000.00000000       249.80000000       416.60000000       493.20000000 
  4500000.00000000       282.60000000       457.00000000       537.70000000 
  5000000.00000000       318.50000000       496.40000000       579.10000000 
  5500000.00000000       356.50000000       534.90000000       617.70000000 
  6000000.00000000       395.90000000       572.30000000       653.80000000 
  6500000.00000000       436.20000000       608.70000000       687.70000000 
  7000000.00000000       476.90000000       643.90000000       719.50000000 
  8000000.00000000       557.80000000       711.30000000       777.60000000 
  9000000.00000000       636.50000000       774.40000000       829.70000000 
 10000000.00000000       711.90000000       833.60000000       876.80000000 
 11000000.00000000       783.30000000       888.80000000       919.70000000 
 12000000.00000000       850.40000000       940.60000000       959.10000000 
 13000000.00000000       913.20000000       989.00000000       995.50000000 
 14000000.00000000       971.90000000      1034.00000000      1029.00000000 
 15000000.00000000      1027.00000000      1077.00000000      1061.00000000 
 16000000.00000000      1078.00000000      1117.00000000      1090.00000000 
 17000000.00000000      1125.00000000      1154.00000000      1118.00000000 
 18000000.00000000      1169.00000000      1190.00000000      1144.00000000 
 20000000.00000000      1249.00000000      1254.00000000      1191.00000000 
 22500000.00000000      1335.00000000      1324.00000000      1244.00000000 
 25000000.00000000      1408.00000000      1385.00000000      1290.00000000 
 27500000.00000000      1470.00000000      1438.00000000      1331.00000000 
 30000000.00000000      1523.00000000      1485.00000000      1367.00000000 
